%YAML:1.0
my_nb: !!opencv-ml-bayesian
   var_count: 16
   var_all: 16
   cls_labels: !!opencv-matrix
      rows: 1
      cols: 10
      dt: i
      data: [ 0, 1, 2, 3, 4, 5, 6, 7, 8, 9 ]
   count:
      - !!opencv-matrix
         rows: 1
         cols: 16
         dt: i
         data: [ 5, 5, 5, 5, 5, 5, 5, 5, 5, 5, 5, 5, 5, 5, 5, 5 ]
      - !!opencv-matrix
         rows: 1
         cols: 16
         dt: i
         data: [ 5, 5, 5, 5, 5, 5, 5, 5, 5, 5, 5, 5, 5, 5, 5, 5 ]
      - !!opencv-matrix
         rows: 1
         cols: 16
         dt: i
         data: [ 5, 5, 5, 5, 5, 5, 5, 5, 5, 5, 5, 5, 5, 5, 5, 5 ]
      - !!opencv-matrix
         rows: 1
         cols: 16
         dt: i
         data: [ 5, 5, 5, 5, 5, 5, 5, 5, 5, 5, 5, 5, 5, 5, 5, 5 ]
      - !!opencv-matrix
         rows: 1
         cols: 16
         dt: i
         data: [ 5, 5, 5, 5, 5, 5, 5, 5, 5, 5, 5, 5, 5, 5, 5, 5 ]
      - !!opencv-matrix
         rows: 1
         cols: 16
         dt: i
         data: [ 5, 5, 5, 5, 5, 5, 5, 5, 5, 5, 5, 5, 5, 5, 5, 5 ]
      - !!opencv-matrix
         rows: 1
         cols: 16
         dt: i
         data: [ 5, 5, 5, 5, 5, 5, 5, 5, 5, 5, 5, 5, 5, 5, 5, 5 ]
      - !!opencv-matrix
         rows: 1
         cols: 16
         dt: i
         data: [ 5, 5, 5, 5, 5, 5, 5, 5, 5, 5, 5, 5, 5, 5, 5, 5 ]
      - !!opencv-matrix
         rows: 1
         cols: 16
         dt: i
         data: [ 5, 5, 5, 5, 5, 5, 5, 5, 5, 5, 5, 5, 5, 5, 5, 5 ]
      - !!opencv-matrix
         rows: 1
         cols: 16
         dt: i
         data: [ 5, 5, 5, 5, 5, 5, 5, 5, 5, 5, 5, 5, 5, 5, 5, 5 ]
   sum:
      - !!opencv-matrix
         rows: 1
         cols: 16
         dt: d
         data: [ 0., 18., 122., 20., 0., 0., 80., 42., 0., 27., 99., 31.,
             6., 103., 69., 0. ]
      - !!opencv-matrix
         rows: 1
         cols: 16
         dt: d
         data: [ 0., 20., 101., 47., 0., 0., 54., 62., 0., 2., 51., 55.,
             0., 41., 85., 29. ]
      - !!opencv-matrix
         rows: 1
         cols: 16
         dt: d
         data: [ 0., 21., 96., 40., 0., 0., 44., 83., 0., 6., 50., 76.,
             0., 41., 63., 33. ]
      - !!opencv-matrix
         rows: 1
         cols: 16
         dt: d
         data: [ 0., 32., 58., 77., 23., 10., 38., 56., 8., 16., 68.,
             58., 0., 34., 82., 7. ]
      - !!opencv-matrix
         rows: 1
         cols: 16
         dt: d
         data: [ 0., 50., 76., 45., 0., 6., 87., 28., 0., 0., 72., 29.,
             0., 40., 96., 42. ]
      - !!opencv-matrix
         rows: 1
         cols: 16
         dt: d
         data: [ 12., 48., 69., 49., 0., 22., 30., 80., 0., 31., 31.,
             76., 6., 28., 34., 83. ]
      - !!opencv-matrix
         rows: 1
         cols: 16
         dt: d
         data: [ 6., 18., 82., 60., 30., 0., 19., 71., 33., 0., 64., 44.,
             6., 34., 86., 24. ]
      - !!opencv-matrix
         rows: 1
         cols: 16
         dt: d
         data: [ 0., 11., 124., 23., 0., 0., 34., 73., 0., 0., 68., 57.,
             0., 53., 123., 3. ]
      - !!opencv-matrix
         rows: 1
         cols: 16
         dt: d
         data: [ 64., 78., 115., 143., 91., 96., 64., 146., 95., 77.,
             67., 154., 65., 91., 118., 117. ]
      - !!opencv-matrix
         rows: 1
         cols: 16
         dt: d
         data: [ 0., 21., 57., 84., 0., 0., 6., 108., 0., 0., 24., 76.,
             0., 16., 53., 49. ]
   productsum:
      - !!opencv-matrix
         rows: 16
         cols: 16
         dt: d
         data: [ 0., 0., 0., 0., 0., 0., 0., 0., 0., 0., 0., 0., 0., 0.,
             0., 0., 0., 212., 380., 0., 0., 0., 448., 0., 0., 368.,
             236., 0., 84., 474., 24., 0., 0., 380., 3022., 480., 0., 0.,
             1880., 1054., 0., 545., 2479., 762., 120., 2503., 1746., 0.,
             0., 0., 480., 208., 0., 0., 256., 400., 0., 0., 408., 308.,
             0., 308., 444., 0., 0., 0., 0., 0., 0., 0., 0., 0., 0., 0.,
             0., 0., 0., 0., 0., 0., 0., 0., 0., 0., 0., 0., 0., 0., 0.,
             0., 0., 0., 0., 0., 0., 0., 0., 448., 1880., 256., 0., 0.,
             1920., 464., 0., 832., 1384., 368., 192., 1488., 1024., 0.,
             0., 0., 1054., 400., 0., 0., 464., 932., 0., 0., 866., 656.,
             0., 748., 868., 0., 0., 0., 0., 0., 0., 0., 0., 0., 0., 0.,
             0., 0., 0., 0., 0., 0., 0., 368., 545., 0., 0., 0., 832.,
             0., 0., 677., 284., 0., 156., 681., 6., 0., 0., 236., 2479.,
             408., 0., 0., 1384., 866., 0., 284., 2093., 636., 60.,
             2012., 1502., 0., 0., 0., 762., 308., 0., 0., 368., 656.,
             0., 0., 636., 481., 0., 517., 663., 0., 0., 84., 120., 0.,
             0., 0., 192., 0., 0., 156., 60., 0., 36., 150., 0., 0., 0.,
             474., 2503., 308., 0., 0., 1488., 748., 0., 681., 2012.,
             517., 150., 2387., 1137., 0., 0., 24., 1746., 444., 0., 0.,
             1024., 868., 0., 6., 1502., 663., 0., 1137., 1385., 0., 0.,
             0., 0., 0., 0., 0., 0., 0., 0., 0., 0., 0., 0., 0., 0., 0. ]
      - !!opencv-matrix
         rows: 16
         cols: 16
         dt: d
         data: [ 0., 0., 0., 0., 0., 0., 0., 0., 0., 0., 0., 0., 0., 0.,
             0., 0., 0., 150., 460., 40., 0., 0., 285., 230., 0., 10.,
             240., 240., 0., 180., 380., 110., 0., 460., 2289., 567., 0.,
             0., 1438., 1175., 0., 44., 1351., 1131., 0., 937., 2038.,
             364., 0., 40., 567., 1161., 0., 0., 12., 689., 0., 0., 33.,
             437., 0., 55., 414., 620., 0., 0., 0., 0., 0., 0., 0., 0.,
             0., 0., 0., 0., 0., 0., 0., 0., 0., 0., 0., 0., 0., 0., 0.,
             0., 0., 0., 0., 0., 0., 0., 0., 0., 0., 285., 1438., 12.,
             0., 0., 1394., 69., 0., 38., 1289., 72., 0., 749., 1099.,
             33., 0., 230., 1175., 689., 0., 0., 69., 1554., 0., 0., 93.,
             1513., 0., 155., 1413., 397., 0., 0., 0., 0., 0., 0., 0.,
             0., 0., 0., 0., 0., 0., 0., 0., 0., 0., 10., 44., 0., 0.,
             0., 38., 0., 0., 4., 38., 0., 0., 62., 8., 0., 0., 240.,
             1351., 33., 0., 0., 1289., 93., 0., 38., 1211., 93., 0.,
             749., 1036., 0., 0., 240., 1131., 437., 0., 0., 72., 1513.,
             0., 0., 93., 1537., 0., 155., 1434., 264., 0., 0., 0., 0.,
             0., 0., 0., 0., 0., 0., 0., 0., 0., 0., 0., 0., 0., 180.,
             937., 55., 0., 0., 749., 155., 0., 62., 749., 155., 0.,
             1011., 424., 0., 0., 380., 2038., 414., 0., 0., 1099.,
             1413., 0., 8., 1036., 1434., 0., 424., 2257., 231., 0.,
             110., 364., 620., 0., 0., 33., 397., 0., 0., 0., 264., 0.,
             0., 231., 445. ]
      - !!opencv-matrix
         rows: 16
         cols: 16
         dt: d
         data: [ 0., 0., 0., 0., 0., 0., 0., 0., 0., 0., 0., 0., 0., 0.,
             0., 0., 0., 221., 446., 132., 0., 0., 120., 591., 0., 0.,
             30., 574., 0., 0., 270., 355., 0., 446., 2342., 276., 0.,
             0., 1348., 1252., 0., 192., 1095., 1284., 0., 1172., 1328.,
             616., 0., 132., 276., 928., 0., 0., 0., 1128., 0., 0., 392.,
             876., 0., 0., 196., 300., 0., 0., 0., 0., 0., 0., 0., 0.,
             0., 0., 0., 0., 0., 0., 0., 0., 0., 0., 0., 0., 0., 0., 0.,
             0., 0., 0., 0., 0., 0., 0., 0., 0., 0., 120., 1348., 0., 0.,
             0., 1168., 300., 0., 192., 900., 372., 0., 992., 452., 96.,
             0., 591., 1252., 1128., 0., 0., 300., 2315., 0., 0., 453.,
             2086., 0., 0., 864., 975., 0., 0., 0., 0., 0., 0., 0., 0.,
             0., 0., 0., 0., 0., 0., 0., 0., 0., 0., 192., 0., 0., 0.,
             192., 0., 0., 36., 162., 0., 0., 186., 24., 0., 0., 30.,
             1095., 392., 0., 0., 900., 453., 0., 162., 970., 387., 0.,
             897., 437., 24., 0., 574., 1284., 876., 0., 0., 372., 2086.,
             0., 0., 387., 1978., 0., 0., 984., 848., 0., 0., 0., 0., 0.,
             0., 0., 0., 0., 0., 0., 0., 0., 0., 0., 0., 0., 0., 1172.,
             0., 0., 0., 992., 0., 0., 186., 897., 0., 0., 1061., 374.,
             0., 0., 270., 1328., 196., 0., 0., 452., 864., 0., 24.,
             437., 984., 0., 374., 1419., 216., 0., 355., 616., 300., 0.,
             0., 96., 975., 0., 0., 24., 848., 0., 0., 216., 689. ]
      - !!opencv-matrix
         rows: 16
         cols: 16
         dt: d
         data: [ 0., 0., 0., 0., 0., 0., 0., 0., 0., 0., 0., 0., 0., 0.,
             0., 0., 0., 456., 426., 544., 368., 158., 134., 384., 128.,
             222., 152., 480., 0., 216., 522., 64., 0., 426., 1514.,
             170., 115., 65., 1156., 120., 40., 85., 1194., 150., 0.,
             610., 1285., 20., 0., 544., 170., 2093., 782., 306., 24.,
             1584., 272., 490., 715., 1582., 0., 190., 883., 193., 0.,
             368., 115., 782., 529., 207., 0., 552., 184., 299., 23.,
             690., 0., 0., 276., 92., 0., 158., 65., 306., 207., 82., 5.,
             216., 72., 118., 14., 270., 0., 14., 128., 36., 0., 134.,
             1156., 24., 0., 5., 1050., 32., 0., 7., 1107., 6., 0., 390.,
             900., 0., 0., 384., 120., 1584., 552., 216., 32., 1600.,
             192., 376., 856., 912., 0., 0., 288., 96., 0., 128., 40.,
             272., 184., 72., 0., 192., 64., 104., 8., 240., 0., 0., 96.,
             32., 0., 222., 85., 490., 299., 118., 7., 376., 104., 174.,
             70., 402., 0., 14., 176., 52., 0., 152., 1194., 715., 23.,
             14., 1107., 856., 8., 70., 1800., 252., 0., 430., 1012.,
             13., 0., 480., 150., 1582., 690., 270., 6., 912., 240.,
             402., 252., 1420., 0., 220., 910., 186., 0., 0., 0., 0., 0.,
             0., 0., 0., 0., 0., 0., 0., 0., 0., 0., 0., 0., 216., 610.,
             190., 0., 14., 390., 0., 0., 14., 430., 220., 0., 396.,
             780., 30., 0., 522., 1285., 883., 276., 128., 900., 288.,
             96., 176., 1012., 910., 0., 780., 1794., 123., 0., 64., 20.,
             193., 92., 36., 0., 96., 32., 52., 13., 186., 0., 30., 123.,
             25. ]
      - !!opencv-matrix
         rows: 16
         cols: 16
         dt: d
         data: [ 0., 0., 0., 0., 0., 0., 0., 0., 0., 0., 0., 0., 0., 0.,
             0., 0., 0., 1182., 568., 0., 0., 186., 1416., 0., 0., 0.,
             1063., 0., 0., 576., 1169., 0., 0., 568., 1638., 456., 0.,
             24., 1629., 448., 0., 0., 1457., 299., 0., 764., 1346.,
             540., 0., 0., 456., 1017., 0., 0., 0., 588., 0., 0., 0.,
             654., 0., 48., 705., 918., 0., 0., 0., 0., 0., 0., 0., 0.,
             0., 0., 0., 0., 0., 0., 0., 0., 0., 186., 24., 0., 0., 36.,
             162., 0., 0., 0., 102., 0., 0., 60., 150., 0., 0., 1416.,
             1629., 0., 0., 162., 2531., 0., 0., 0., 2112., 0., 0.,
             1110., 1906., 0., 0., 0., 448., 588., 0., 0., 0., 784., 0.,
             0., 0., 392., 0., 0., 140., 840., 0., 0., 0., 0., 0., 0.,
             0., 0., 0., 0., 0., 0., 0., 0., 0., 0., 0., 0., 0., 0., 0.,
             0., 0., 0., 0., 0., 0., 0., 0., 0., 0., 0., 0., 1063.,
             1457., 0., 0., 102., 2112., 0., 0., 0., 1806., 0., 0., 940.,
             1554., 0., 0., 0., 299., 654., 0., 0., 0., 392., 0., 0., 0.,
             421., 0., 30., 445., 600., 0., 0., 0., 0., 0., 0., 0., 0.,
             0., 0., 0., 0., 0., 0., 0., 0., 0., 576., 764., 48., 0.,
             60., 1110., 0., 0., 0., 940., 30., 0., 496., 874., 24., 0.,
             1169., 1346., 705., 0., 150., 1906., 140., 0., 0., 1554.,
             445., 0., 874., 2116., 450., 0., 0., 540., 918., 0., 0., 0.,
             840., 0., 0., 0., 600., 0., 24., 450., 1044. ]
      - !!opencv-matrix
         rows: 16
         cols: 16
         dt: d
         data: [ 144., 0., 96., 360., 0., 0., 0., 228., 0., 0., 0., 228.,
             0., 0., 0., 420., 0., 1214., 345., 85., 0., 726., 393.,
             455., 0., 1023., 99., 370., 198., 924., 15., 325., 96.,
             345., 1339., 609., 0., 0., 347., 1491., 0., 0., 476., 1365.,
             0., 0., 584., 1310., 360., 85., 609., 1055., 0., 0., 89.,
             1001., 0., 0., 140., 963., 0., 0., 188., 1386., 0., 0., 0.,
             0., 0., 0., 0., 0., 0., 0., 0., 0., 0., 0., 0., 0., 0.,
             726., 0., 0., 0., 484., 242., 0., 0., 682., 66., 0., 132.,
             616., 0., 0., 0., 393., 347., 89., 0., 242., 386., 90., 0.,
             341., 481., 184., 66., 308., 496., 127., 228., 455., 1491.,
             1001., 0., 0., 90., 2222., 0., 0., 0., 1887., 0., 0., 93.,
             2008., 0., 0., 0., 0., 0., 0., 0., 0., 0., 0., 0., 0., 0.,
             0., 0., 0., 0., 1023., 0., 0., 0., 682., 341., 0., 0., 961.,
             93., 0., 186., 868., 0., 0., 0., 99., 476., 140., 0., 66.,
             481., 0., 0., 93., 793., 196., 18., 84., 868., 112., 228.,
             370., 1365., 963., 0., 0., 184., 1887., 0., 0., 196., 1662.,
             0., 0., 295., 1795., 0., 198., 0., 0., 0., 132., 66., 0.,
             0., 186., 18., 0., 36., 168., 0., 0., 0., 924., 0., 0., 0.,
             616., 308., 0., 0., 868., 84., 0., 168., 784., 0., 0., 0.,
             15., 584., 188., 0., 0., 496., 93., 0., 0., 868., 295., 0.,
             0., 970., 193., 420., 325., 1310., 1386., 0., 0., 127.,
             2008., 0., 0., 112., 1795., 0., 0., 193., 2211. ]
      - !!opencv-matrix
         rows: 16
         cols: 16
         dt: d
         data: [ 36., 108., 96., 0., 180., 0., 84., 72., 198., 0., 168.,
             24., 36., 84., 126., 0., 108., 324., 288., 0., 540., 0.,
             252., 216., 594., 0., 504., 72., 108., 252., 378., 0., 96.,
             288., 1890., 480., 480., 0., 305., 570., 528., 0., 1084.,
             588., 96., 775., 1859., 312., 0., 0., 480., 1424., 0., 0.,
             80., 1484., 0., 0., 428., 848., 0., 72., 584., 528., 180.,
             540., 480., 0., 900., 0., 420., 360., 990., 0., 840., 120.,
             180., 420., 630., 0., 0., 0., 0., 0., 0., 0., 0., 0., 0.,
             0., 0., 0., 0., 0., 0., 0., 84., 252., 305., 80., 420., 0.,
             209., 235., 462., 0., 442., 88., 84., 223., 369., 9., 72.,
             216., 570., 1484., 360., 0., 235., 1723., 396., 0., 737.,
             944., 72., 195., 759., 576., 198., 594., 528., 0., 990., 0.,
             462., 396., 1089., 0., 924., 132., 198., 462., 693., 0., 0.,
             0., 0., 0., 0., 0., 0., 0., 0., 0., 0., 0., 0., 0., 0., 0.,
             168., 504., 1084., 428., 840., 0., 442., 737., 924., 0.,
             1242., 228., 168., 629., 1148., 24., 24., 72., 588., 848.,
             120., 0., 88., 944., 132., 0., 228., 880., 24., 128., 732.,
             612., 36., 108., 96., 0., 180., 0., 84., 72., 198., 0.,
             168., 24., 36., 84., 126., 0., 84., 252., 775., 72., 420.,
             0., 223., 195., 462., 0., 629., 128., 84., 398., 783., 27.,
             126., 378., 1859., 584., 630., 0., 369., 759., 693., 0.,
             1148., 732., 126., 783., 1898., 411., 0., 0., 312., 528.,
             0., 0., 9., 576., 0., 0., 24., 612., 0., 27., 411., 450. ]
      - !!opencv-matrix
         rows: 16
         cols: 16
         dt: d
         data: [ 0., 0., 0., 0., 0., 0., 0., 0., 0., 0., 0., 0., 0., 0.,
             0., 0., 0., 57., 318., 6., 0., 0., 98., 82., 0., 0., 168.,
             64., 0., 162., 238., 6., 0., 318., 3262., 410., 0., 0.,
             1033., 1752., 0., 0., 1799., 1361., 0., 1277., 3071., 90.,
             0., 6., 410., 409., 0., 0., 9., 733., 0., 0., 249., 593.,
             0., 247., 575., 9., 0., 0., 0., 0., 0., 0., 0., 0., 0., 0.,
             0., 0., 0., 0., 0., 0., 0., 0., 0., 0., 0., 0., 0., 0., 0.,
             0., 0., 0., 0., 0., 0., 0., 0., 98., 1033., 9., 0., 0.,
             670., 343., 0., 0., 893., 118., 0., 197., 958., 9., 0., 82.,
             1752., 733., 0., 0., 343., 2085., 0., 0., 797., 1771., 0.,
             651., 1885., 93., 0., 0., 0., 0., 0., 0., 0., 0., 0., 0.,
             0., 0., 0., 0., 0., 0., 0., 0., 0., 0., 0., 0., 0., 0., 0.,
             0., 0., 0., 0., 0., 0., 0., 0., 168., 1799., 249., 0., 0.,
             893., 797., 0., 0., 1422., 425., 0., 580., 1787., 9., 0.,
             64., 1361., 593., 0., 0., 118., 1771., 0., 0., 425., 1587.,
             0., 556., 1431., 93., 0., 0., 0., 0., 0., 0., 0., 0., 0.,
             0., 0., 0., 0., 0., 0., 0., 0., 162., 1277., 247., 0., 0.,
             197., 651., 0., 0., 580., 556., 0., 727., 1186., 27., 0.,
             238., 3071., 575., 0., 0., 958., 1885., 0., 0., 1787.,
             1431., 0., 1186., 3111., 75., 0., 6., 90., 9., 0., 0., 9.,
             93., 0., 0., 9., 93., 0., 27., 75., 9. ]
      - !!opencv-matrix
         rows: 16
         cols: 16
         dt: d
         data: [ 4096., 4096., 4096., 4096., 4096., 4096., 4096., 4096.,
             4096., 4096., 4096., 4096., 4096., 4096., 4096., 4096.,
             4096., 4292., 4418., 4208., 4474., 4544., 4096., 4432.,
             4530., 4278., 4096., 4096., 4110., 4320., 4096., 4558.,
             4096., 4418., 4915., 4934., 4717., 4832., 4096., 5302.,
             4809., 4395., 4111., 4949., 4119., 4519., 4578., 5063.,
             4096., 4208., 4934., 5843., 4312., 4352., 4096., 5626.,
             4344., 4200., 4171., 6222., 4104., 4499., 5382., 4826.,
             4096., 4474., 4717., 4312., 4825., 4960., 4096., 4744.,
             4933., 4447., 4096., 4096., 4123., 4528., 4096., 4987.,
             4096., 4544., 4832., 4352., 4960., 5120., 4096., 4864.,
             5088., 4512., 4096., 4096., 4128., 4608., 4096., 5152.,
             4096., 4096., 4096., 4096., 4096., 4096., 4096., 4096.,
             4096., 4096., 4096., 4096., 4096., 4096., 4096., 4096.,
             4096., 4432., 5302., 5626., 4744., 4864., 4096., 6244.,
             4840., 4408., 4102., 5888., 4120., 4502., 5036., 5370.,
             4096., 4530., 4809., 4344., 4933., 5088., 4096., 4840.,
             5057., 4499., 4096., 4096., 4127., 4592., 4096., 5119.,
             4096., 4278., 4395., 4200., 4447., 4512., 4096., 4408.,
             4499., 4265., 4096., 4096., 4109., 4304., 4096., 4525.,
             4096., 4096., 4111., 4171., 4096., 4096., 4096., 4102.,
             4096., 4096., 4105., 4180., 4096., 4129., 4162., 4105.,
             4096., 4096., 4949., 6222., 4096., 4096., 4096., 5888.,
             4096., 4096., 4180., 6802., 4096., 4404., 5704., 4707.,
             4096., 4110., 4119., 4104., 4123., 4128., 4096., 4120.,
             4127., 4109., 4096., 4096., 4097., 4112., 4096., 4129.,
             4096., 4320., 4519., 4499., 4528., 4608., 4096., 4502.,
             4592., 4304., 4129., 4404., 4112., 4473., 4338., 4657.,
             4096., 4096., 4578., 5382., 4096., 4096., 4096., 5036.,
             4096., 4096., 4162., 5704., 4096., 4338., 5124., 4414.,
             4096., 4558., 5063., 4826., 4987., 5152., 4096., 5370.,
             5119., 4525., 4105., 4707., 4129., 4657., 4414., 5351. ]
      - !!opencv-matrix
         rows: 16
         cols: 16
         dt: d
         data: [ 0., 0., 0., 0., 0., 0., 0., 0., 0., 0., 0., 0., 0., 0.,
             0., 0., 0., 225., 225., 231., 0., 0., 27., 252., 0., 0., 0.,
             198., 0., 0., 45., 429., 0., 225., 1235., 475., 0., 0.,
             116., 1554., 0., 0., 203., 661., 0., 115., 700., 717., 0.,
             231., 475., 1962., 0., 0., 65., 1796., 0., 0., 584., 1517.,
             0., 392., 951., 492., 0., 0., 0., 0., 0., 0., 0., 0., 0.,
             0., 0., 0., 0., 0., 0., 0., 0., 0., 0., 0., 0., 0., 0., 0.,
             0., 0., 0., 0., 0., 0., 0., 0., 0., 27., 116., 65., 0., 0.,
             14., 171., 0., 0., 41., 39., 0., 5., 40., 79., 0., 252.,
             1554., 1796., 0., 0., 171., 2946., 0., 0., 717., 1525., 0.,
             389., 1317., 872., 0., 0., 0., 0., 0., 0., 0., 0., 0., 0.,
             0., 0., 0., 0., 0., 0., 0., 0., 0., 0., 0., 0., 0., 0., 0.,
             0., 0., 0., 0., 0., 0., 0., 0., 0., 203., 584., 0., 0., 41.,
             717., 0., 0., 410., 195., 0., 38., 94., 13., 0., 198., 661.,
             1517., 0., 0., 39., 1525., 0., 0., 195., 1770., 0., 455.,
             1325., 495., 0., 0., 0., 0., 0., 0., 0., 0., 0., 0., 0., 0.,
             0., 0., 0., 0., 0., 0., 115., 392., 0., 0., 5., 389., 0.,
             0., 38., 455., 0., 146., 378., 53., 0., 45., 700., 951., 0.,
             0., 40., 1317., 0., 0., 94., 1325., 0., 378., 1179., 294.,
             0., 429., 717., 492., 0., 0., 79., 872., 0., 0., 13., 495.,
             0., 53., 294., 939. ]
   avg:
      - !!opencv-matrix
         rows: 1
         cols: 16
         dt: d
         data: [ 0., 3.6000000000000001e+000, 2.4399999999999999e+001,
             4., 0., 0., 16., 8.4000000000000004e+000, 0.,
             5.4000000000000004e+000, 1.9800000000000001e+001,
             6.2000000000000002e+000, 1.2000000000000000e+000,
             2.0600000000000001e+001, 1.3800000000000001e+001, 0. ]
      - !!opencv-matrix
         rows: 1
         cols: 16
         dt: d
         data: [ 0., 4., 2.0199999999999999e+001,
             9.4000000000000004e+000, 0., 0., 1.0800000000000001e+001,
             1.2400000000000000e+001, 0., 4.0000000000000002e-001,
             1.0199999999999999e+001, 11., 0., 8.1999999999999993e+000,
             17., 5.7999999999999998e+000 ]
      - !!opencv-matrix
         rows: 1
         cols: 16
         dt: d
         data: [ 0., 4.2000000000000002e+000, 1.9199999999999999e+001,
             8., 0., 0., 8.8000000000000007e+000,
             1.6600000000000001e+001, 0., 1.2000000000000000e+000, 10.,
             1.5199999999999999e+001, 0., 8.1999999999999993e+000,
             1.2600000000000000e+001, 6.5999999999999996e+000 ]
      - !!opencv-matrix
         rows: 1
         cols: 16
         dt: d
         data: [ 0., 6.4000000000000004e+000, 1.1600000000000000e+001,
             1.5400000000000000e+001, 4.5999999999999996e+000, 2.,
             7.5999999999999996e+000, 1.1199999999999999e+001,
             1.6000000000000001e+000, 3.2000000000000002e+000,
             1.3600000000000000e+001, 1.1600000000000000e+001, 0.,
             6.7999999999999998e+000, 1.6399999999999999e+001,
             1.3999999999999999e+000 ]
      - !!opencv-matrix
         rows: 1
         cols: 16
         dt: d
         data: [ 0., 10., 1.5199999999999999e+001, 9., 0.,
             1.2000000000000000e+000, 1.7399999999999999e+001,
             5.5999999999999996e+000, 0., 0., 1.4400000000000000e+001,
             5.7999999999999998e+000, 0., 8., 1.9199999999999999e+001,
             8.4000000000000004e+000 ]
      - !!opencv-matrix
         rows: 1
         cols: 16
         dt: d
         data: [ 2.3999999999999999e+000, 9.5999999999999996e+000,
             1.3800000000000001e+001, 9.8000000000000007e+000, 0.,
             4.4000000000000004e+000, 6., 16., 0.,
             6.2000000000000002e+000, 6.2000000000000002e+000,
             1.5199999999999999e+001, 1.2000000000000000e+000,
             5.5999999999999996e+000, 6.7999999999999998e+000,
             1.6600000000000001e+001 ]
      - !!opencv-matrix
         rows: 1
         cols: 16
         dt: d
         data: [ 1.2000000000000000e+000, 3.6000000000000001e+000,
             1.6399999999999999e+001, 12., 6., 0.,
             3.7999999999999998e+000, 1.4199999999999999e+001,
             6.5999999999999996e+000, 0., 1.2800000000000001e+001,
             8.8000000000000007e+000, 1.2000000000000000e+000,
             6.7999999999999998e+000, 1.7199999999999999e+001,
             4.7999999999999998e+000 ]
      - !!opencv-matrix
         rows: 1
         cols: 16
         dt: d
         data: [ 0., 2.2000000000000002e+000, 2.4800000000000001e+001,
             4.5999999999999996e+000, 0., 0., 6.7999999999999998e+000,
             1.4600000000000000e+001, 0., 0., 1.3600000000000000e+001,
             1.1400000000000000e+001, 0., 1.0600000000000000e+001,
             2.4600000000000001e+001, 5.9999999999999998e-001 ]
      - !!opencv-matrix
         rows: 1
         cols: 16
         dt: d
         data: [ 1.2800000000000001e+001, 1.5600000000000000e+001, 23.,
             2.8600000000000001e+001, 1.8199999999999999e+001,
             1.9199999999999999e+001, 1.2800000000000001e+001,
             2.9199999999999999e+001, 19., 1.5400000000000000e+001,
             1.3400000000000000e+001, 3.0800000000000001e+001, 13.,
             1.8199999999999999e+001, 2.3600000000000001e+001,
             2.3399999999999999e+001 ]
      - !!opencv-matrix
         rows: 1
         cols: 16
         dt: d
         data: [ 0., 4.2000000000000002e+000, 1.1400000000000000e+001,
             1.6800000000000001e+001, 0., 0., 1.2000000000000000e+000,
             2.1600000000000001e+001, 0., 0., 4.7999999999999998e+000,
             1.5199999999999999e+001, 0., 3.2000000000000002e+000,
             1.0600000000000000e+001, 9.8000000000000007e+000 ]
   inv_eigen_values:
      - !!opencv-matrix
         rows: 1
         cols: 16
         dt: d
         data: [ 2.1662717399781942e-003, 5.0339625982236602e-003,
             7.7580191184877150e-003, 6.3988320020195291e-002, 8388608.,
             8388608., 8388608., 8388608., 8388608., 8388608., 8388608.,
             8388608., 8388608., 8388608., 8388608., 8388608. ]
      - !!opencv-matrix
         rows: 1
         cols: 16
         dt: d
         data: [ 1.2707509210163313e-003, 1.9895705294856844e-003,
             5.9322391697613644e-003, 2.0932643655889191e-002, 8388608.,
             8388608., 8388608., 8388608., 8388608., 8388608., 8388608.,
             8388608., 8388608., 8388608., 8388608., 8388608. ]
      - !!opencv-matrix
         rows: 1
         cols: 16
         dt: d
         data: [ 1.1376824200117601e-003, 3.5036305684005031e-003,
             4.0783846263667909e-003, 8.6575031305509420e-003, 8388608.,
             8388608., 8388608., 8388608., 8388608., 8388608., 8388608.,
             8388608., 8388608., 8388608., 8388608., 8388608. ]
      - !!opencv-matrix
         rows: 1
         cols: 16
         dt: d
         data: [ 1.0271180399799742e-003, 2.6486217597904015e-003,
             5.0190804477178042e-003, 9.0328091743348254e-003, 8388608.,
             8388608., 8388608., 8388608., 8388608., 8388608., 8388608.,
             8388608., 8388608., 8388608., 8388608., 8388608. ]
      - !!opencv-matrix
         rows: 1
         cols: 16
         dt: d
         data: [ 9.8110598259412230e-004, 4.1334886702436239e-003,
             7.2903117842795110e-003, 2.1517466341228153e-001, 8388608.,
             8388608., 8388608., 8388608., 8388608., 8388608., 8388608.,
             8388608., 8388608., 8388608., 8388608., 8388608. ]
      - !!opencv-matrix
         rows: 1
         cols: 16
         dt: d
         data: [ 9.2758905712309308e-004, 1.7703349407470945e-003,
             4.6174513458385504e-003, 1.2655266427675563e-001, 8388608.,
             8388608., 8388608., 8388608., 8388608., 8388608., 8388608.,
             8388608., 8388608., 8388608., 8388608., 8388608. ]
      - !!opencv-matrix
         rows: 1
         cols: 16
         dt: d
         data: [ 1.2308960722785768e-003, 2.2252900973261636e-003,
             5.1921408424611655e-003, 1.4694357543677214e-001, 8388608.,
             8388608., 8388608., 8388608., 8388608., 8388608., 8388608.,
             8388608., 8388608., 8388608., 8388608., 8388608. ]
      - !!opencv-matrix
         rows: 1
         cols: 16
         dt: d
         data: [ 1.7517461964362371e-003, 4.3121174765538102e-003,
             1.2425562009849291e-002, 2.8606441640927349e-002, 8388608.,
             8388608., 8388608., 8388608., 8388608., 8388608., 8388608.,
             8388608., 8388608., 8388608., 8388608., 8388608. ]
      - !!opencv-matrix
         rows: 1
         cols: 16
         dt: d
         data: [ 9.8515191784183167e-005, 1.1588412819832138e-003,
             6.5704634746216583e-003, 1.1970189051453717e-001, 8388608.,
             8388608., 8388608., 8388608., 8388608., 8388608., 8388608.,
             8388608., 8388608., 8388608., 8388608., 8388608. ]
      - !!opencv-matrix
         rows: 1
         cols: 16
         dt: d
         data: [ 2.3867030897688725e-003, 3.4065224601504940e-003,
             4.1140138709163908e-003, 2.6535148536969779e-002, 8388608.,
             8388608., 8388608., 8388608., 8388608., 8388608., 8388608.,
             8388608., 8388608., 8388608., 8388608., 8388608. ]
   cov_rotate_mats:
      - !!opencv-matrix
         rows: 16
         cols: 16
         dt: d
         data: [ 0., 2.6189305598548485e-001, -8.3613358480713579e-002,
             -1.9875576933525732e-001, 0., 0., 3.6075942510261094e-001,
             -4.3034467648548691e-001, 0., 4.7746706676150175e-001,
             -1.8650549412484493e-001, -3.1314179237978007e-001,
             1.0986501407070150e-001, 1.6683043201610714e-001,
             -4.1091784897653422e-001, 0., 0., 2.8739837364952857e-002,
             -8.4624636110216436e-002, 1.8945042074810661e-001, 0., 0.,
             6.6779640074389823e-001, 2.7772640676421223e-001, 0.,
             2.4784069281820803e-001, -2.1343769956233508e-001,
             2.4664487862646495e-001, 6.4174862260525253e-002,
             -4.2757867850633646e-001, 2.7978732084573099e-001, 0., 0.,
             1.8943102458483943e-001, -1.1927320278859634e-001,
             1.5786785790360908e-001, 0., 0., -2.7133066123585409e-001,
             5.6173572147164563e-001, 0., 3.4446664700593455e-001,
             -2.4512613979363407e-001, 3.3477861361435934e-001,
             7.9229037562593238e-002, 3.5425315510345046e-001,
             -3.3646222257665420e-001, 0., 0., -1.4938264114945776e-001,
             5.5515026961933089e-001, -4.6792741603750210e-001, 0., 0.,
             3.4339061659337350e-001, 4.6043550372648129e-001, 0.,
             -6.4378493073472307e-002, 1.4922365365432136e-001,
             -1.6060281239521074e-001, -7.2087554096283597e-003,
             2.4755383143811713e-001, -8.4134126162765596e-002, 0., 0.,
             1.9213501190902849e-001, -5.1570370833138834e-001,
             -3.1486609698283063e-001, 0., 0., 5.6215940276349761e-002,
             2.7850680557675794e-001, 0., -2.2120148587731298e-001,
             3.7823423418466945e-001, -5.9542051365083344e-002,
             -4.4706404869314861e-002, -3.8493800103620712e-001,
             -4.1419134982106909e-001, 0., 0., 5.4241030460340856e-001,
             3.4626126210249975e-001, -7.6180476687995990e-002, 0., 0.,
             9.8681490794876675e-002, -2.5509833001170878e-001, 0.,
             -3.5117602728628255e-001, 1.4936021185200352e-002,
             5.7231383129697522e-001, 1.7448055978394569e-001,
             -3.0872012159659446e-002, -1.5096418435509976e-001, 0., 0.,
             1.4043929487206355e-002, -2.3272702347035695e-001,
             8.7912625069624883e-002, 0., 0., 2.1713084575861791e-001,
             -9.6143130954314135e-002, 0., 2.2051384397836732e-001,
             7.0347876185972769e-001, 2.4983144385736708e-001,
             5.6443109136208314e-002, 4.5692746183639527e-001,
             2.5224979895358218e-001, 0., 0., -2.7459673376866528e-001,
             4.0939807370158876e-001, 3.5461055694269250e-001, 0., 0.,
             -8.7480841427657260e-002, -8.1451991001300003e-002, 0.,
             3.2749082350443159e-001, 3.8637299538627756e-001,
             9.8637400739236353e-002, -3.0684439514885430e-002,
             -3.7946417099062885e-001, -4.5360293180370864e-001, 0., 0.,
             -3.9406397058455883e-001, -1.6663292821779485e-001,
             3.7165733264601852e-001, 0., 0., 3.2291923348396323e-001,
             -2.4409721384635388e-002, 0., -4.6811211029911753e-001,
             -1.0977721965912544e-001, -2.5744577147774898e-002,
             3.8897452917774111e-001, 2.5420057775938304e-001,
             -3.5522292783496956e-001, 0., 0., -1.2489896675163119e-001,
             -7.1552867504727655e-002, 5.4211446985136295e-002, 0., 0.,
             2.2549105332093045e-001, -1.0721518889077429e-001, 0.,
             -1.2205982355865061e-001, -1.2672448198127401e-001,
             2.3164195464645226e-001, -8.7030698735742762e-001,
             1.7455271375901810e-001, -2.0367044527500067e-001, 0., 0.,
             5.4293203821580771e-001, 1.5141791917349767e-001,
             5.4885052637533482e-001, 0., 0., 9.7689017893595853e-002,
             1.9878020554181125e-001, 0., -1.6012334987484056e-001,
             1.4746088622965237e-001, -4.9566550746015159e-001,
             -1.7937986180468224e-001, 7.4653810642313467e-002,
             3.4423528352921992e-002, 0., -4.4721359549995787e-001,
             -4.1342498645301581e-032, -2.1360290966739152e-031,
             1.9293166034474072e-031, -4.4721359549995787e-001,
             -4.4721359549995787e-001, -1.7915082746297352e-031,
             -1.3780832881767194e-032, 4.4721359549995787e-001,
             6.8904164408835972e-033, -6.2013747967952377e-032,
             1.3780832881767195e-031, 2.0671249322650790e-032,
             -9.6465830172370359e-032, 1.3522442265234060e-031,
             4.4721359549995787e-001, -3.6514837167011077e-001,
             2.5317006593173424e-032, 2.8692607472263212e-032,
             -5.5697414504981536e-032, -3.6514837167011077e-001,
             -3.6514837167011077e-001, -1.4768253846017830e-033,
             3.7975509889760136e-032, -5.4772255750516619e-001,
             -7.1731518680658030e-033, 3.6287709450215243e-032, 0.,
             -2.5317006593173424e-032, -9.7048525273831452e-033,
             6.3292516482933554e-034, -5.4772255750516619e-001,
             4.0824829046386307e-001, 4.0256389496281698e-032,
             6.5416632931457736e-032, -8.0512778992563374e-032,
             4.0824829046386307e-001, -8.1649658092772615e-001,
             5.0320486870351609e-033, -7.0448681618493003e-032,
             2.0959357603902603e-017, -1.2076916848884518e-031,
             1.1573711980180990e-031, -1.4089736323698598e-031,
             6.0384584244422588e-032, 2.5160243435176043e-032,
             -9.4350912881910232e-032, 2.0959357603902603e-017,
             -5.0000000000000000e-001, 6.1629758220391558e-032,
             -1.2248914446302824e-031, 1.0785207688568547e-032,
             5.0000000000000000e-001, 2.2218483576801794e-017,
             -5.2770480476210284e-032, -1.2325951644078307e-032,
             5.0000000000000011e-001, -1.2711137632955746e-032,
             2.5807461254788949e-032, 3.0814879110196013e-033,
             4.1600086798764300e-032, -4.8148248609680985e-033,
             -1.0448169948300757e-031, -5.0000000000000000e-001,
             5.4908484767356734e-002, 8.1168704361313682e-002,
             -4.4642787398722539e-001, 2.9761858265815033e-001,
             5.4908484767356734e-002, 5.4908484767356734e-002,
             -6.1552934140662896e-001, 6.7640586967761415e-002,
             -5.4908484767356727e-002, -2.0292176090328420e-002,
             -1.0146088045164214e-001, 5.1406846095498682e-001,
             1.3528117393552291e-002, -1.7586552611617973e-001,
             3.0438264135492697e-002, -5.4908484767356727e-002 ]
      - !!opencv-matrix
         rows: 16
         cols: 16
         dt: d
         data: [ 0., 3.3705189099279290e-002, 1.7253848076457695e-001,
             -2.7341079712094851e-001, 0., 0., 4.8225161831875990e-001,
             -4.3497544318088760e-001, 0., 1.8189087843341976e-002,
             4.4619224550783276e-001, -4.0141856306390250e-001, 0.,
             2.9291179973723624e-001, -3.0197130736554733e-002,
             -1.5907952284702859e-001, 0., 6.2468438876427501e-002,
             2.7676867913400977e-001, -4.2623278309492224e-001, 0., 0.,
             1.4254460997984236e-001, 2.9312354223856923e-001, 0.,
             -8.9416762612212000e-003, 1.3752657329139326e-001,
             4.3785676448753802e-001, 0., -5.4865173502002582e-002,
             5.9307297720291485e-001, -2.5714631723254344e-001, 0.,
             3.4764473322779724e-002, -3.5358862598431344e-002,
             -2.9677357720047221e-001, 0., 0., -2.3543146386318414e-001,
             1.4594762421762844e-001, 0., 5.4431136687466679e-002,
             -1.5013272856415158e-001, 2.4132898836408920e-001, 0.,
             7.5761674282835911e-001, -3.7168780457506195e-001,
             -1.9199146954673604e-001, 0., -5.4980559876823998e-001,
             -3.5821193098772484e-002, 5.5685632696916387e-001, 0., 0.,
             -5.1890130602208318e-002, 1.1503899780022879e-001, 0.,
             7.8714643317717107e-004, 2.3882942155014431e-001,
             -1.8469261639993299e-002, 0., 2.4695253021038191e-001,
             2.1481231125408926e-001, -4.5376647415498933e-001, 0.,
             1.1426847831961105e-001, -5.9910449447905678e-001,
             3.6206207701821452e-002, 0., 0., 6.0556461818684515e-001,
             1.1964669624045650e-001, 0., 2.4913984894023453e-002,
             -4.2402767507939382e-001, -1.8534377321704931e-002, 0.,
             6.5874736393033637e-002, 1.1243629946939693e-001,
             -2.1894449069996921e-001, 0., -2.5830975100051556e-001,
             -6.6408030333291923e-001, -3.6372188185870502e-001, 0., 0.,
             -3.1953828098191017e-001, -3.4477949162251836e-001, 0.,
             -5.6162112658902634e-002, 2.8401770697964562e-001,
             1.4774415631595597e-001, 0., -1.0074336110506692e-001,
             1.4980043829162229e-001, 2.7644754352435432e-002, 0.,
             -3.9568454828754795e-001, -3.6556514310511795e-002,
             1.1823425160232968e-002, 0., 0., 4.2475136924379464e-001,
             2.5172356057745149e-001, 0., -2.2814919701329198e-003,
             2.6205130799064169e-001, 3.2788575479555443e-001, 0.,
             1.1577743074450061e-001, -1.8631455962211049e-001,
             6.1145433147628581e-001, 0., 6.1125232627305104e-001,
             -1.6872296250296717e-001, 4.2407802138092970e-001, 0., 0.,
             -5.9354698950204780e-002, -1.2423765181452048e-001, 0.,
             2.9850259791272545e-002, 3.1502185905955482e-001,
             2.2630586803356012e-001, 0., 3.2653825412402415e-001,
             2.8926428163799878e-001, 2.3970356959483388e-001, 0.,
             2.1999890966630636e-001, -2.4463288810746864e-001,
             -1.1430949464906739e-001, 0., 0., -1.0072597339910749e-001,
             6.8024555313767221e-001, 0., -7.8101163861197823e-002,
             4.4214682528975036e-001, -4.0836525296779702e-001, 0.,
             -9.7601188675320971e-002, -1.4803079719731113e-001,
             -7.7549592279367460e-002, 0., -1.8139008290817552e-001,
             9.0614651601438629e-003, -1.3695061171838391e-001, 0., 0.,
             -1.6153155180624360e-001, 1.2412640538554155e-001, 0.,
             1.8857371163596115e-001, -2.5986280176565435e-001,
             -4.8684843773728886e-001, 0., 3.3613574820269276e-001,
             5.2856628255378835e-001, 4.1746924775053268e-001, 0.,
             -1.3715909406538853e-002, 3.7896469200738282e-002,
             1.9127482158608116e-004, 0., 0., 2.4002589909400984e-003,
             -1.4523114852726128e-002, 0., -9.7483068580908250e-001,
             -1.0498530960022089e-001, -6.2329308023375309e-002, 0.,
             1.3852878867494187e-001, 9.1060196517091407e-002,
             7.3993947116985731e-002, -4.4721359549995804e-001,
             4.3495753783077710e-032, 6.2875050023062841e-032,
             -1.8844346916693865e-032, -4.4721359549995804e-001,
             -4.4721359549995804e-001, 6.2148326414063396e-032,
             2.1532551377761244e-032, 4.4721359549995804e-001, 0.,
             3.1006873983976194e-032, 5.3400727416847892e-032,
             4.4721359549995804e-001, -1.9809947267540346e-031,
             1.2402749593590477e-031, 1.2058228771546298e-032,
             -3.6514837167011077e-001, 8.7554647801391417e-032,
             -1.6034104175676503e-032, -1.0401070208695415e-031,
             -3.6514837167011077e-001, -3.6514837167011077e-001,
             -1.4430693758108852e-031, -5.6963264834640202e-033,
             -5.4772255750516619e-001, 4.0507210549077474e-032,
             -7.9326620658610061e-032, 1.5190203955904053e-032,
